0 1 2 3 4 5 6 7 8 9 10 11 12 13 14 15 16 17
1 0 0.8943879492 0.7944261806 1.333487124 1.292369396 1.126292207 1.092904892 1.446424267 1.552405142 1.478123158 1.333441583 1.266373141 1.406203455 1.75086157 1.383609858 1.266112942 1.192288759
2 0.8943879492 0 0.7851302984 1.36598436 1.325037286 1.169682751 1.140006741 1.475258463 1.580510931 1.507478462 1.365144612 1.301729593 1.432901451 1.776451992 1.413880653 1.302872233 1.234775796
3 0.7944261806 0.7851302984 0 1.305734234 1.264739449 1.106775407 1.076281271 1.446300407 1.552043263 1.478158716 1.334223993 1.268231556 1.373545104 1.74965266 1.383941182 1.268456828 1.196444187
4 1.333487124 1.36598436 1.305734234 0 0.6029579666 1.108075432 1.135630006 1.776496714 1.883934135 1.807045198 1.657481355 1.582010048 1.035644026 2.08718284 1.71066969 1.579391222 1.494757212
5 1.292369396 1.325037286 1.264739449 0.6029579666 0 1.065284788 1.093297793 1.735209262 1.842651681 1.765753852 1.616173664 1.540675424 1.01453356 2.045917385 1.669373357 1.538047847 1.453376099
6 1.126292207 1.169682751 1.106775407 1.108075432 1.065284788 0 0.7641481467 1.560437612 1.668145316 1.590785322 1.440337752 1.363434266 1.220807296 1.8723115 1.494068106 1.360319594 1.273536947
7 1.092904892 1.140006741 1.076281271 1.135630006 1.093297793 0.7641481467 0 1.526069794 1.633828571 1.556381687 1.405770087 1.328612712 1.241310007 1.838172328 1.459600431 1.325384768 1.238095674
8 1.446424267 1.475258463 1.446300407 1.776496714 1.735209262 1.560437612 1.526069794 0 0.808647315 0.7105030718 0.9249475554 1.070370631 1.860544181 1.269834701 0.8049125231 1.141277342 1.232364971
9 1.552405142 1.580510931 1.552043263 1.883934135 1.842651681 1.668145316 1.633828571 0.808647315 0 0.8812473838 1.064698714 1.194198913 1.967733893 1.291411884 0.9699900847 1.260785041 1.346218759
10 1.478123158 1.507478462 1.478158716 1.807045198 1.765753852 1.590785322 1.556381687 0.7105030718 0.8812473838 0 0.9311137614 1.087857824 1.891281129 1.334150801 0.7964515136 1.162758457 1.25819106
11 1.333441583 1.365144612 1.334223993 1.657481355 1.616173664 1.440337752 1.405770087 0.9249475554 1.064698714 0.9311137614 0 0.8751474691 1.742534008 1.364455423 0.7769453902 0.9693524839 1.086955657
12 1.266373141 1.301729593 1.268231556 1.582010048 1.540675424 1.363434266 1.328612712 1.070370631 1.194198913 1.087857824 0.8751474691 0 1.668413259 1.449958143 0.9694923277 0.773368587 0.9717041397
13 1.406203455 1.432901451 1.373545104 1.035644026 1.01453356 1.220807296 1.241310007 1.860544181 1.967733893 1.891281129 1.742534008 1.668413259 0 2.170151141 1.795220084 1.666208781 1.583343246
14 1.75086157 1.776451992 1.74965266 2.08718284 2.045917385 1.8723115 1.838172328 1.269834701 1.291411884 1.334150801 1.364455423 1.449958143 2.170151141 0 1.322228501 1.503715721 1.571054605
15 1.383609858 1.413880653 1.383941182 1.71066969 1.669373357 1.494068106 1.459600431 0.8049125231 0.9699900847 0.7964515136 0.7769453902 0.9694923277 1.795220084 1.322228501 0 1.050476049 1.153586892
16 1.266112942 1.302872233 1.268456828 1.579391222 1.538047847 1.360319594 1.325384768 1.141277342 1.260785041 1.162758457 0.9693524839 0.773368587 1.666208781 1.503715721 1.050476049 0 0.942396723
17 1.192288759 1.234775796 1.196444187 1.494757212 1.453376099 1.273536947 1.238095674 1.232364971 1.346218759 1.25819106 1.086955657 0.9717041397 1.583343246 1.571054605 1.153586892 0.942396723 0
